Team,Age,W,PW,MOV,SOS,SRS,ORtg,DRtg,NRtg,Pace,FTr,3PAr,TS%,OeFG%,OTOV%,ORB%,OFT/FGA,DeFG%,DTOV,DRB%,DFT/FGA,Attend./G
Milwaukee Bucks 20',5,7,4,3,30,4,5,10,4,2,24,12,5,2,11,9,26,13,23,3,1,10
Los Angeles Lakers 19',1,3,6,5,4,3,11,3,5,11,6,22,9,5,22,4,15,7,3,7,16,9
Toronto Raptors 18',5,2,2,3,29,3,5,5,3,14,20,10,4,3,15,21,14,4,9,14,9,4
Golden State Warriors '17,4,3,3,3,22,3,3,11,3,5,20,15,1,1,28,23,16,5,18,25,11,7
Golden State Warriors 16',5,1,1,1,22,1,1,2,1,4,20,6,1,1,19,18,21,1,7,29,11,8
Cleveland Cavaliers 15',7,3,4,4,30,4,3,10,4,27,22,3,4,3,13,9,23,12,20,5,14,2
Golden State Warriors 14',16,1,1,1,16,1,2,1,1,1,26,7,1,1,14,21,25,1,7,18,22,7
San Antonio Spurs 13',4,1,1,1,15,1,6,3,1,10,30,16,2,2,12,24,27,4,23,4,3,9
Miami Heat 12',2,1,2,2,30,2,2,9,2,23,8,5,1,1,12,26,6,9,4,23,13,3
Miami Heat 11',5,4,3,4,19,4,8,4,4,15,4,21,4,5,23,18,4,8,3,10,11,4
Dallas Mavericks 10',1,4,8,8,11,8,8,7,8,17,21,3,4,3,21,26,18,9,17,7,3,4
Los Angeles Lakers 09',5,3,5,6,10,5,11,4,6,14,19,12,16,15,5,7,18,6,18,9,2,7
Los Angeles Lakers 08',9,2,2,2,30,3,3,6,3,5,18,17,6,5,5,3,20,8,6,17,6,8
Boston Celtics 07',8,1,1,1,30,1,9,1,1,19,5,9,5,5,29,17,3,1,1,8,23,12
San Antonio Spurs 06',1,3,1,1,16,1,5,2,1,27,20,6,2,2,8,27,20,2,19,3,1,9
Miami Heat 05',2,5,5,5,27,6,7,9,6,11,6,10,2,2,18,17,15,10,29,1,17,4
San Antonio Spurs 04',3,2,1,1,15,1,8,1,1,23,12,11,11,6,12,12,21,1,5,3,11,9
Detroit Pistons 03',12,6,2,2,28,4,18,2,2,24,6,25,19,20,20,9,4,2,6,12,3,1
San Antonio Spurs 02',7,1,3,3,12,3,7,3,3,20,2,7,3,4,24,13,5,2,12,17,3,11
Los Angeles Lakers 01',13,2,2,2,13,2,2,7,2,6,7,7,7,4,2,16,14,1,20,8,21,8
Los Angeles Lakers 00',7,2,8,8,9,6,2,21,8,14,4,9,7,2,6,3,11,13,27,9,15,8
Average,6,3,3,3,20,3,6,6,3,14,14,11,5,4,15,15,16,6,13,11,10,7
